articulos|01|705317|050|2|05|005|034|0008|0000|000|000||20130624|BEBITO|0000|000000890906626|2029.|20080430|0|0|0|000000|001|001|001|0|169|1|01|09|0|0|
vigencia_impuestos_articulos|01|705317|050|20100101|0001|000|000
articulos|01|770137|050|2|10|046|064|0000|0000|000|000||20130624|CACHARRERIA EN GENERAL|0099|000000000000095|12543|20090204|0|0|0|000000|001|001|001|0|169|0|  |  |0|0|
vigencia_impuestos_articulos|01|770137|050|20100101|0003|000|000
articulos|01|990021|050|2|99|099|099|0099|0000|000|000|1173 x 1000 AMARILLO|20140101|1173 x 1000 AMARILLO|0000|000000000000096|81964|20140101|0|0|0|000000|001|001|001|0|169|0|  |  |0|0|
vigencia_impuestos_articulos|01|990021|050|20100101|0001|000|000
articulos|01|990126|050|2|99|099|099|0099|0000|000|000|12x12 PARA PANTY|20140101|12x12 PARA PANTY|0000|000000000000096|12x12|20140101|0|0|0|000000|001|001|001|0|169|0|  |  |0|0|
vigencia_impuestos_articulos|01|990126|050|20100101|0001|000|000
articulos|01|990000|050|2|99|099|099|0099|0000|000|000|12x19|20140101|12x19|0000|000000000000096|81960|20140101|0|0|0|000000|001|001|001|0|169|0|  |  |0|0|
vigencia_impuestos_articulos|01|990000|050|20100101|0001|000|000
articulos|01|990001|050|2|99|099|099|0099|0000|000|000|15x27|20140101|15x27|0000|000000000000096|81960 15|20140101|0|0|0|000000|001|001|001|0|169|0|  |  |0|0|
vigencia_impuestos_articulos|01|990001|050|20100101|0001|000|000
articulos|01|990002|050|2|99|099|099|0099|0000|000|000|20x12|20140101|20x12|0000|000000000000096|81960 20|20140101|0|0|0|000000|001|001|001|0|169|0|  |  |0|0|
vigencia_impuestos_articulos|01|990002|050|20100101|0001|000|000
articulos|01|990003|050|2|99|099|099|0099|0000|000|000|20x30|20140101|20x30|0000|000000000000096|81960 20x30|20140101|0|0|0|000000|001|001|001|0|169|0|  |  |0|0|
vigencia_impuestos_articulos|01|990003|050|20100101|0001|000|000
articulos|01|990005|050|2|99|099|099|0099|0000|000|000|20x38|20140101|20x38|0000|000000000000096|81960 20x38|20140101|0|0|0|000000|001|001|001|0|169|0|  |  |0|0|
vigencia_impuestos_articulos|01|990005|050|20100101|0001|000|000
articulos|01|990004|050|2|99|099|099|0099|0000|000|000|20x48|20140101|20x48|0000|000000000000096|81960 20x48|20140101|0|0|0|000000|001|001|001|0|169|0|  |  |0|0|
vigencia_impuestos_articulos|01|990004|050|20100101|0001|000|000
articulos|01|990073|050|2|99|099|099|0099|0000|000|000|4 9820 x 600 mts|20140101|4 9820 x 600 mts|0000|000000000000096|352203|20140101|0|0|0|000000|001|001|001|0|169|0|  |  |0|0|
vigencia_impuestos_articulos|01|990073|050|20100101|0001|000|000
articulos|01|990037|050|2|99|099|099|0099|0000|000|000|AMARILLO 1115 x 1500|20140101|AMARILLO 1115 x 1500|0000|000000000000096|82454|20140101|0|0|0|000000|001|001|001|0|169|0|  |  |0|0|
vigencia_impuestos_articulos|01|990037|050|20100101|0001|000|000
articulos|01|990045|050|2|99|099|099|0099|0000|000|000|AMARILLO 1115 x 800|20140101|AMARILLO 1115 x 800|0000|000000000000096|82528|20140101|0|0|0|000000|001|001|001|0|169|0|  |  |0|0|
vigencia_impuestos_articulos|01|990045|050|20100101|0001|000|000
articulos|01|990118|050|2|99|099|099|0099|0000|000|000|ANITA|20140101|ANITA|0000|000000000000096|ANI|20140101|0|0|0|000000|001|001|001|0|169|0|  |  |0|0|
vigencia_impuestos_articulos|01|990118|050|20100101|0001|000|000
articulos|01|990177|050|2|99|099|099|0099|0000|000|000|ANTENA DE SEGURIDAD 1,8 MTS 156X44 CMS|20140101|ANTENA DE SEGURIDAD 1,8 MTS 156X44 CMS|0000|000000000000096|MS807|20140101|0|0|0|000000|001|001|001|0|215|0|  |  |0|0|
vigencia_impuestos_articulos|01|990177|050|20100101|0001|000|000
articulos|01|990176|050|2|99|099|099|0099|0000|000|000|ANTENA DE SEGURIDAD 2 MTS 154X43 CMS|20140101|ANTENA DE SEGURIDAD 2 MTS 154X43 CMS|0000|000000000000096|MS806|20140101|0|0|0|000000|001|001|001|0|215|0|  |  |0|0|
vigencia_impuestos_articulos|01|990176|050|20100101|0001|000|000
articulos|01|990098|050|2|99|099|099|0099|0000|000|000|ARANA DEL CLUCH 1173|20140101|ARANA DEL CLUCH 1173|0000|000000000000096|93465|20140101|0|0|0|000000|001|001|001|0|169|0|  |  |0|0|
vigencia_impuestos_articulos|01|990098|050|20100101|0001|000|000
articulos|01|990087|050|2|99|099|099|0099|0000|000|000|ARANDELA DE AJUSTE PARA BANDA 1173|20140101|ARANDELA DE AJUSTE PARA BANDA 1173|0000|000000000000096|90565|20140101|0|0|0|000000|001|001|001|0|169|0|  |  |0|0|
vigencia_impuestos_articulos|01|990087|050|20100101|0001|000|000
articulos|01|990142|050|2|99|099|099|0099|0000|000|000|ARQUEO CAJA GENERAL X 100 HOJAS|20140101|ARQUEO CAJA GENERAL X 100 HOJAS|0000|000000000000096|X 100|20140101|0|0|0|000000|001|001|001|0|169|0|  |  |0|0|
vigencia_impuestos_articulos|01|990142|050|20100101|0001|000|000
articulos|01|990042|050|2|99|099|099|0099|0000|000|000|ARQUEO DE CAJA GENERAL|20140101|ARQUEO DE CAJA GENERAL|0000|000000000000096|82514|20140101|0|0|0|000000|001|001|001|0|169|0|  |  |0|0|
vigencia_impuestos_articulos|01|990042|050|20100101|0001|000|000
articulos|01|990120|050|2|99|099|099|0099|0000|000|000|AZUCAR|20140101|AZUCAR|0000|000000000000096|AZU|20140101|0|0|0|000000|001|001|001|0|169|0|  |  |0|0|
vigencia_impuestos_articulos|01|990120|050|20100101|0001|000|000
articulos|01|990102|050|2|99|099|099|0099|0000|000|000|BALINERAS|20140101|BALINERAS|0000|000000000000096|35450207|20140101|0|0|0|000000|001|001|001|0|169|0|  |  |0|0|
vigencia_impuestos_articulos|01|990102|050|20100101|0001|000|000
articulos|01|990052|050|2|99|099|099|0099|0000|000|000|BANDA TIQUETEADORA 1115 CODIGO|20140101|BANDA TIQUETEADORA 1115 CODIGO|0000|000000000000096|82333|20140101|0|0|0|000000|001|001|001|0|169|0|  |  |0|0|
vigencia_impuestos_articulos|01|990052|050|20100101|0001|000|000
articulos|01|990053|050|2|99|099|099|0099|0000|000|000|BANDA TIQUETEADORA 1115 PRECIO|20140101|BANDA TIQUETEADORA 1115 PRECIO|0000|000000000000096|82333 PRE|20140101|0|0|0|000000|001|001|001|0|169|0|  |  |0|0|
vigencia_impuestos_articulos|01|990053|050|20100101|0001|000|000
articulos|01|990047|050|2|99|099|099|0099|0000|000|000|BANDA TIQUETEADORA 1173|20140101|BANDA TIQUETEADORA 1173|0000|000000000000096|35450501|20140101|0|0|0|000000|001|001|001|0|169|0|  |  |0|0|
vigencia_impuestos_articulos|01|990047|050|20100101|0001|000|000
articulos|01|990013|050|2|99|099|099|0099|0000|000|000|BLANCA 113|20140101|BLANCA 113|0000|000000000000096|113|20140101|0|0|0|000000|001|001|001|0|169|0|  |  |0|0|
vigencia_impuestos_articulos|01|990013|050|20100101|0001|000|000
articulos|01|990128|050|2|99|099|099|0099|0000|000|000|BLANCA 116|20140101|BLANCA 116|0000|000000000000096|116|20140101|0|0|0|000000|001|001|001|0|169|0|  |  |0|0|
vigencia_impuestos_articulos|01|990128|050|20100101|0001|000|000
articulos|01|990014|050|2|99|099|099|0099|0000|000|000|BLANCA 117|20140101|BLANCA 117|0000|000000000000096|117|20140101|0|0|0|000000|001|001|001|0|169|0|  |  |0|0|
vigencia_impuestos_articulos|01|990014|050|20100101|0001|000|000
articulos|01|990015|050|2|99|099|099|0099|0000|000|000|BLANCA 122|20140101|BLANCA 122|0000|000000000000096|122|20140101|0|0|0|000000|001|001|001|0|169|0|  |  |0|0|
vigencia_impuestos_articulos|01|990015|050|20100101|0001|000|000
articulos|01|990016|050|2|99|099|099|0099|0000|000|000|BLANCA 15x20|20140101|BLANCA 15x20|0000|000000000000096|15x20|20140101|0|0|0|000000|001|001|001|0|169|0|  |  |0|0|
vigencia_impuestos_articulos|01|990016|050|20100101|0001|000|000
articulos|01|990017|050|2|99|099|099|0099|0000|000|000|BLANCA 17x23|20140101|BLANCA 17x23|0000|000000000000096|17x23|20140101|0|0|0|000000|001|001|001|0|169|0|  |  |0|0|
vigencia_impuestos_articulos|01|990017|050|20100101|0001|000|000
articulos|01|990018|050|2|99|099|099|0099|0000|000|000|BLANCA 20x28|20140101|BLANCA 20x28|0000|000000000000096|20x28|20140101|0|0|0|000000|001|001|001|0|169|0|  |  |0|0|
vigencia_impuestos_articulos|01|990018|050|20100101|0001|000|000
articulos|01|990046|050|2|99|099|099|0099|0000|000|000|BLANCA 32x25mm|20140101|BLANCA 32x25mm|0000|000000000000096|35050201|20140101|0|0|0|000000|001|001|001|0|169|0|  |  |0|0|
vigencia_impuestos_articulos|01|990046|050|20100101|0001|000|000
articulos|01|990122|050|2|99|099|099|0099|0000|000|000|BLANCA IMPRESA 48x100|20140101|BLANCA IMPRESA 48x100|0000|000000000000096|48100|20140101|0|0|0|000000|001|001|001|0|169|0|  |  |0|0|
vigencia_impuestos_articulos|01|990122|050|20100101|0001|000|000
articulos|01|990123|050|2|99|099|099|0099|0000|000|000|BLANCA IMPRESO 32x25mm|20140101|BLANCA IMPRESO 32x25mm|0000|000000000000096|35050263|20140101|0|0|0|000000|001|001|001|0|169|0|  |  |0|0|
vigencia_impuestos_articulos|01|990123|050|20100101|0001|000|000
articulos|01|990141|050|2|99|099|099|0099|0000|000|000|BLANCA PIGMENTADA|20140101|BLANCA PIGMENTADA|0000|000000000000096|GRANDE|20140101|0|0|0|000000|001|001|001|0|169|0|  |  |0|0|
vigencia_impuestos_articulos|01|990141|050|20100101|0001|000|000
articulos|01|990039|050|2|99|099|099|0099|0000|000|000|BLANCO 76mm x 70mt|20140101|BLANCO 76mm x 70mt|0000|000000000000096|82460|20140101|0|0|0|000000|001|001|001|0|169|0|  |  |0|0|
vigencia_impuestos_articulos|01|990039|050|20100101|0001|000|000
articulos|01|990071|050|2|99|099|099|0099|0000|000|000|BLANCO BLUSA Y CAMISETA|20140101|BLANCO BLUSA Y CAMISETA|0000|000000000000096|82526|20140101|0|0|0|000000|001|001|001|0|169|0|  |  |0|0|
vigencia_impuestos_articulos|01|990071|050|20100101|0001|000|000
articulos|01|990010|050|2|99|099|099|0099|0000|000|000|BODEGA|20140101|BODEGA|0000|000000000000096|81962|20140101|0|0|0|000000|001|001|001|0|169|0|  |  |0|0|
vigencia_impuestos_articulos|01|990010|050|20100101|0001|000|000
articulos|01|990160|050|2|99|099|099|0099|0000|000|000|BOLSA GRANDE TRANSPARENTE|20140101|BOLSA GRANDE TRANSPARENTE|0000|000000000000096|GRANDE-TRANSPAR|20140101|0|0|0|000000|001|001|001|0|169|0|  |  |0|0|
vigencia_impuestos_articulos|01|990160|050|20100101|0001|000|000
articulos|01|990168|050|2|99|099|099|0099|0000|000|000|BOLSA PP CUBRE CAMISA|20140101|BOLSA PP CUBRE CAMISA|0000|000000000000096|CUBRE CAMISA|20140101|0|0|0|000000|001|001|001|0|169|0|  |  |0|0|
vigencia_impuestos_articulos|01|990168|050|20100101|0001|000|000
articulos|01|990135|050|2|99|099|099|0099|0000|000|000|BOLSA TRANSPARENTE 15X19|20140101|BOLSA TRANSPARENTE 15X19|0000|000000000000096|15X19|20140101|0|0|0|000000|001|001|001|0|169|0|  |  |0|0|
vigencia_impuestos_articulos|01|990135|050|20100101|0001|000|000
articulos|01|990137|050|2|99|099|099|0099|0000|000|000|BOLSA TRANSPARENTE 15X22|20140101|BOLSA TRANSPARENTE 15X22|0000|000000000000096|BOLSA 15X22|20140101|0|0|0|000000|001|001|001|0|169|0|  |  |0|0|
vigencia_impuestos_articulos|01|990137|050|20100101|0001|000|000
articulos|01|990131|050|2|99|099|099|0099|0000|000|000|BOLSA TRANSPARENTE 15X35|20140101|BOLSA TRANSPARENTE 15X35|0000|000000000000096|J|20140101|0|0|0|000000|001|001|001|0|169|0|  |  |0|0|
vigencia_impuestos_articulos|01|990131|050|20100101|0001|000|000
articulos|01|990134|050|2|99|099|099|0099|0000|000|000|BOLSA TRANSPARENTE 20X38|20140101|BOLSA TRANSPARENTE 20X38|0000|000000000000096|20X38|20140101|0|0|0|000000|001|001|001|0|169|0|  |  |0|0|
vigencia_impuestos_articulos|01|990134|050|20100101|0001|000|000
articulos|01|990158|050|2|99|099|099|0099|0000|000|000|BOLSA TRANSPARENTE BODEGA|20140101|BOLSA TRANSPARENTE BODEGA|0000|000000000000096|BODEGA-TRANS|20140101|0|0|0|000000|001|001|001|0|169|0|  |  |0|0|
vigencia_impuestos_articulos|01|990158|050|20100101|0001|000|000
articulos|01|990163|050|2|99|099|099|0099|0000|000|000|BOLSA TRANSPARENTE MEDIANA|20140101|BOLSA TRANSPARENTE MEDIANA|0000|000000000000096|TRANSP-MEDIANA |20140101|0|0|0|000000|001|001|001|0|169|0|  |  |0|0|
vigencia_impuestos_articulos|01|990163|050|20100101|0001|000|000
articulos|01|990099|050|2|99|099|099|0099|0000|000|000|CABEZA DE IMPRESORA 1173|20140101|CABEZA DE IMPRESORA 1173|0000|000000000000096|95854|20140101|0|0|0|000000|001|001|001|0|169|0|  |  |0|0|
vigencia_impuestos_articulos|01|990099|050|20100101|0001|000|000
articulos|01|990116|050|2|99|099|099|0099|0000|000|000|CANDY|20140101|CANDY|0000|000000000000096|CANDY|20140101|0|0|0|000000|001|001|001|0|169|0|  |  |0|0|
vigencia_impuestos_articulos|01|990116|050|20100101|0001|000|000
articulos|01|990084|050|2|99|099|099|0099|0000|000|000|CARRIL CABEZA IMPRESORA 1173|20140101|CARRIL CABEZA IMPRESORA 1173|0000|000000000000096|90346|20140101|0|0|0|000000|001|001|001|0|169|0|  |  |0|0|
vigencia_impuestos_articulos|01|990084|050|20100101|0001|000|000
articulos|01|990143|050|2|99|099|099|0099|0000|000|000|CERA 9416 110 MM x 300 MT|20140101|CERA 9416 110 MM x 300 MT|0000|000000000000096|9416|20140101|0|0|0|000000|001|001|001|0|169|0|  |  |0|0|
vigencia_impuestos_articulos|01|990143|050|20100101|0001|000|000
articulos|01|990169|050|2|99|099|099|0099|0000|000|000|CINTA EPSON LX 1050/1170|20140101|CINTA EPSON LX 1050/1170|0000|000000000000096|1050/1170|20140101|0|0|0|000000|001|001|001|0|169|0|  |  |0|0|
vigencia_impuestos_articulos|01|990169|050|20100101|0001|000|000
articulos|01|990151|050|2|99|099|099|0099|0000|000|000|CINTA TT CERA X 600MT IMPORTACION|20140101|CINTA TT CERA X 600MT IMPORTACION|0000|000000000000096|9800|20140101|0|0|0|000000|001|001|001|0|169|0|  |  |0|0|
vigencia_impuestos_articulos|01|990151|050|20100101|0001|000|000
articulos|01|990184|050|2|99|099|099|0099|0000|000|000|CINTAS PARA IMPRESION COLOR NEGRO|20140101|CINTAS PARA IMPRESION COLOR NEGRO|0000|000000000000096|650740|20140101|0|0|0|000000|001|001|001|0|215|0|  |  |0|0|
vigencia_impuestos_articulos|01|990184|050|20100101|0001|000|000
articulos|01|990138|050|2|99|099|099|0099|0000|000|000|CINTAS REBOBINADAS ERC-38|20140101|CINTAS REBOBINADAS ERC-38|0000|000000000000096|ERC-38 REB|20140101|0|0|0|000000|001|001|001|0|169|0|  |  |0|0|
vigencia_impuestos_articulos|01|990138|050|20100101|0001|000|000
articulos|01|990107|050|2|99|099|099|0099|0000|000|000|CLUCH TAMBOR DE ARRASTRE 1173|20140101|CLUCH TAMBOR DE ARRASTRE 1173|0000|000000000000096|35450502|20140101|0|0|0|000000|001|001|001|0|169|0|  |  |0|0|
vigencia_impuestos_articulos|01|990107|050|20100101|0001|000|000
articulos|01|990154|050|2|99|099|099|0099|0000|000|000|COLOR NARANJA BOLSA BODEGA|20140101|COLOR NARANJA BOLSA BODEGA|0000|000000000000096|0-01 NARANJA|20140101|0|0|0|000000|001|001|001|0|169|0|  |  |0|0|
vigencia_impuestos_articulos|01|990154|050|20100101|0001|000|000
articulos|01|990033|050|2|99|099|099|0099|0000|000|000|COMPROBANTE DE EGRESO|20140101|COMPROBANTE DE EGRESO|0000|000000000000096|82107|20140101|0|0|0|000000|001|001|001|0|169|0|  |  |0|0|
vigencia_impuestos_articulos|01|990033|050|20100101|0001|000|000
articulos|01|990147|050|2|99|099|099|0099|0000|000|000|CON LOGO 32X25MM|20140101|CON LOGO 32X25MM|0000|000000000000096|CON LOGO|20140101|0|0|0|000000|001|001|001|0|169|0|  |  |0|0|
vigencia_impuestos_articulos|01|990147|050|20100101|0001|000|000
articulos|01|990105|050|2|99|099|099|0099|0000|000|000|CONJUNTO DE TAPAS INTERIORES 1173|20140101|CONJUNTO DE TAPAS INTERIORES 1173|0000|000000000000096|98274|20140101|0|0|0|000000|001|001|001|0|169|0|  |  |0|0|
vigencia_impuestos_articulos|01|990105|050|20100101|0001|000|000
articulos|01|990026|050|2|99|099|099|0099|0000|000|000|CONTEO DE MERCANCIA|20140101|CONTEO DE MERCANCIA|0000|000000000000096|81992|20140101|0|0|0|000000|001|001|001|0|169|0|  |  |0|0|
vigencia_impuestos_articulos|01|990026|050|20100101|0001|000|000
articulos|01|990027|050|2|99|099|099|0099|0000|000|000|CONTEO DINERO CAJA|20140101|CONTEO DINERO CAJA|0000|000000000000096|82047|20140101|0|0|0|000000|001|001|001|0|169|0|  |  |0|0|
vigencia_impuestos_articulos|01|990027|050|20100101|0001|000|000
articulos|01|990028|050|2|99|099|099|0099|0000|000|000|CONTROL DE CAJERAS|20140101|CONTROL DE CAJERAS|0000|000000000000096|82048|20140101|0|0|0|000000|001|001|001|0|169|0|  |  |0|0|
vigencia_impuestos_articulos|01|990028|050|20100101|0001|000|000
articulos|01|990133|050|2|99|099|099|0099|0000|000|000|CONTROL DE MUESTRAS|20140101|CONTROL DE MUESTRAS|0000|000000000000096|MUESTRAS|20140101|0|0|0|000000|001|001|001|0|169|0|  |  |0|0|
vigencia_impuestos_articulos|01|990133|050|20100101|0001|000|000
articulos|01|990035|050|2|99|099|099|0099|0000|000|000|CONTROL DIARIO DE MERCANCIA RECIBIDA|20140101|CONTROL DIARIO DE MERCANCIA RECIBIDA|0000|000000000000096|82338|20140101|0|0|0|000000|001|001|001|0|169|0|  |  |0|0|
vigencia_impuestos_articulos|01|990035|050|20100101|0001|000|000
articulos|01|990078|050|2|99|099|099|0099|0000|000|000|CONTROL RESORTE DE PRESION 1173|20140101|CONTROL RESORTE DE PRESION 1173|0000|000000000000096|96597|20140101|0|0|0|000000|001|001|001|0|169|0|  |  |0|0|
vigencia_impuestos_articulos|01|990078|050|20100101|0001|000|000
articulos|01|990056|050|2|99|099|099|0099|0000|000|000|CORSETERIA DAMA|20140101|CORSETERIA DAMA|0000|000000000000096|82441|20140101|0|0|0|000000|001|001|001|0|169|0|  |  |0|0|
vigencia_impuestos_articulos|01|990056|050|20100101|0001|000|000
articulos|01|990057|050|2|99|099|099|0099|0000|000|000|CORSETERIA NINA|20140101|CORSETERIA NINA|0000|000000000000096|82441 NI|20140101|0|0|0|000000|001|001|001|0|169|0|  |  |0|0|
vigencia_impuestos_articulos|01|990057|050|20100101|0001|000|000
articulos|01|990124|050|2|99|099|099|0099|0000|000|000|CRISTINA|20140101|CRISTINA|0000|000000000000096|CRIS|20140101|0|0|0|000000|001|001|001|0|169|0|  |  |0|0|
vigencia_impuestos_articulos|01|990124|050|20100101|0001|000|000
articulos|01|990043|050|2|99|099|099|0099|0000|000|000|CUADRE DE CAJA|20140101|CUADRE DE CAJA|0000|000000000000096|82518|20140101|0|0|0|000000|001|001|001|0|169|0|  |  |0|0|
vigencia_impuestos_articulos|01|990043|050|20100101|0001|000|000
articulos|01|990032|050|2|99|099|099|0099|0000|000|000|CUADRE DEL EFECTIVO|20140101|CUADRE DEL EFECTIVO|0000|000000000000096|82106|20140101|0|0|0|000000|001|001|001|0|169|0|  |  |0|0|
vigencia_impuestos_articulos|01|990032|050|20100101|0001|000|000
articulos|01|990034|050|2|99|099|099|0099|0000|000|000|CUADRE DIARIO|20140101|CUADRE DIARIO|0000|000000000000096|82128|20140101|0|0|0|000000|001|001|001|0|169|0|  |  |0|0|
vigencia_impuestos_articulos|01|990034|050|20100101|0001|000|000
articulos|01|990111|050|2|99|099|099|0099|0000|000|000|CUADROS PARA FALDA COLEGIAL|20140101|CUADROS PARA FALDA COLEGIAL|0000|000000000000096|66030|20140101|0|0|0|000000|001|001|001|0|169|0|  |  |0|0|
vigencia_impuestos_articulos|01|990111|050|20100101|0001|000|000
articulos|01|990127|050|2|99|099|099|0099|0000|000|000|DACRON|20140101|DACRON|0000|000000000000096|DACRON|20140101|0|0|0|000000|001|001|001|0|169|0|  |  |0|0|
vigencia_impuestos_articulos|01|990127|050|20100101|0001|000|000
articulos|01|990044|050|2|99|099|099|0099|0000|000|000|DE BOLSILLO PLASTIFICADO|20140101|DE BOLSILLO PLASTIFICADO|0000|000000000000096|82523|20140101|0|0|0|000000|001|001|001|0|169|0|  |  |0|0|
vigencia_impuestos_articulos|01|990044|050|20100101|0001|000|000
articulos|01|990040|050|2|99|099|099|0099|0000|000|000|DEVOLUCION A PROVEEDOR|20140101|DEVOLUCION A PROVEEDOR|0000|000000000000096|82508|20140101|0|0|0|000000|001|001|001|0|169|0|  |  |0|0|
vigencia_impuestos_articulos|01|990040|050|20100101|0001|000|000
articulos|01|990101|050|2|99|099|099|0099|0000|000|000|ENGRANE DE BANDAS|20140101|ENGRANE DE BANDAS|0000|000000000000096|89611|20140101|0|0|0|000000|001|001|001|0|169|0|  |  |0|0|
vigencia_impuestos_articulos|01|990101|050|20100101|0001|000|000
articulos|01|990065|050|2|99|099|099|0099|0000|000|000|EPSON ORIGINAL|20140101|EPSON ORIGINAL|0000|000000000000096|ERC 38|20140101|0|0|0|000000|001|001|001|0|169|0|  |  |0|0|
vigencia_impuestos_articulos|01|990065|050|20100101|0001|000|000
articulos|01|990067|050|2|99|099|099|0099|0000|000|000|EPSON REBOBINADA|20140101|EPSON REBOBINADA|0000|000000000000096|82497|20140101|0|0|0|000000|001|001|001|0|169|0|  |  |0|0|
vigencia_impuestos_articulos|01|990067|050|20100101|0001|000|000
articulos|01|990117|050|2|99|099|099|0099|0000|000|000|ESMERALDA|20140101|ESMERALDA|0000|000000000000096|ESM|20140101|0|0|0|000000|001|001|001|0|169|0|  |  |0|0|
vigencia_impuestos_articulos|01|990117|050|20100101|0001|000|000
articulos|01|990090|050|2|99|099|099|0099|0000|000|000|ESPACIADOR DE BANDAS|20140101|ESPACIADOR DE BANDAS|0000|000000000000096|95857|20140101|0|0|0|000000|001|001|001|0|169|0|  |  |0|0|
vigencia_impuestos_articulos|01|990090|050|20100101|0001|000|000
articulos|01|990145|050|2|99|099|099|0099|0000|000|000|ETIQUETA BLANCA x6000 PARA ALMACENES|20140101|ETIQUETA BLANCA x6000 PARA ALMACENES|0000|000000000000096|6000|20140101|0|0|0|000000|001|001|001|0|169|0|  |  |0|0|
vigencia_impuestos_articulos|01|990145|050|20100101|0001|000|000
articulos|01|990149|050|2|99|099|099|0099|0000|000|000|ETIQUETA CARTON 35X65 BRILLANTE CON ORIF|20140101|ETIQUETA CARTON 35X65 BRILLANTE CON ORIF|0000|000000000000096|653016|20140101|0|0|0|000000|001|001|001|0|169|0|  |  |0|0|
vigencia_impuestos_articulos|01|990149|050|20100101|0001|000|000
articulos|01|990157|050|2|99|099|099|0099|0000|000|000|ETIQUETA TRANSF TERMICA 100150 X 1000|20140101|ETIQUETA TRANSF TERMICA 100150 X 1000|0000|000000000000096|A1PS0406|20140101|0|0|0|000000|001|001|001|0|169|0|  |  |0|0|
vigencia_impuestos_articulos|01|990157|050|20100101|0001|000|000
articulos|01|990132|050|2|99|099|099|0099|0000|000|000|ETIQUETA TRANSFER AMARILLA 33 X 25|20140101|ETIQUETA TRANSFER AMARILLA 33 X 25|0000|000000000000096|35050211|20140101|0|0|0|000000|001|001|001|0|169|0|  |  |0|0|
vigencia_impuestos_articulos|01|990132|050|20100101|0001|000|000
articulos|01|990171|050|2|99|099|099|0099|0000|000|000|ETIQUETAS PARADIGMA|20140101|ETIQUETAS PARADIGMA|0000|000000000000096|ETI PARADIGMA|20140101|0|0|0|000000|001|001|001|0|169|0|  |  |0|0|
vigencia_impuestos_articulos|01|990171|050|20100101|0001|000|000
articulos|01|990172|050|2|99|099|099|0099|0000|000|000|ETIQUETAS TALLAS EARTH PACT|20140101|ETIQUETAS TALLAS EARTH PACT|0000|000000000000096|00306|20140101|0|0|0|000000|001|001|001|0|169|0|  |  |0|0|
vigencia_impuestos_articulos|01|990172|050|20100101|0001|000|000
articulos|01|990060|050|2|99|099|099|0099|0000|000|000|FEMENINO SIN TAPA|20140101|FEMENINO SIN TAPA|0000|000000000000096|82443|20140101|0|0|0|000000|001|001|001|0|169|0|  |  |0|0|
vigencia_impuestos_articulos|01|990060|050|20100101|0001|000|000
articulos|01|990121|050|2|99|099|099|0099|0000|000|000|FORMALETA|20140101|FORMALETA|0000|000000000000096|0|20140101|0|0|0|000000|001|001|001|0|169|0|  |  |0|0|
vigencia_impuestos_articulos|01|990121|050|20100101|0001|000|000
articulos|01|990175|050|2|99|099|099|0099|0000|000|000|G INFANTIL BEBE BLUSAS|20140101|G INFANTIL BEBE BLUSAS|0000|000000000000096|N-10/BEBE-B/SA |20140101|0|0|0|000000|001|001|001|0|169|0|  |  |0|0|
vigencia_impuestos_articulos|01|990175|050|20100101|0001|000|000
articulos|01|990162|050|2|99|099|099|0099|0000|000|000|GANCHO # 10|20140101|GANCHO # 10|0000|000000000000096|GANCHO-N10|20140101|0|0|0|000000|001|001|001|0|169|0|  |  |0|0|
vigencia_impuestos_articulos|01|990162|050|20100101|0001|000|000
articulos|01|990144|050|2|99|099|099|0099|0000|000|000|GANCHO FLECHA INFANTIL #10 TRANSPARENTE|20140101|GANCHO FLECHA INFANTIL #10 TRANSPARENTE |0000|000000000000096|1102004|20140101|0|0|0|000000|001|001|001|0|169|0|  |  |0|0|
vigencia_impuestos_articulos|01|990144|050|20100101|0001|000|000
articulos|01|990167|050|2|99|099|099|0099|0000|000|000|GANCHO N-18 TRANSPARENTE|20140101|GANCHO N-18 TRANSPARENTE|0000|000000000000096|N-18-TRANSPA|20140101|0|0|0|000000|001|001|001|0|169|0|  |  |0|0|
vigencia_impuestos_articulos|01|990167|050|20100101|0001|000|000
articulos|01|990164|050|2|99|099|099|0099|0000|000|000|GANCHO NUMERO 12|20140101|GANCHO NUMERO 12|0000|000000000000096|N-12|20140101|0|0|0|000000|001|001|001|0|169|0|  |  |0|0|
vigencia_impuestos_articulos|01|990164|050|20100101|0001|000|000
articulos|01|990185|050|2|99|099|099|0099|0000|000|000|GANCHO PARA COLGAR CHALINAS MARCA ASHMA|20140101|GANCHO PARA COLGAR CHALINAS MARCA ASHMA |0000|000000000000096|540-1|20140101|0|0|0|000000|001|001|001|0|215|0|  |  |0|0|
articulos|01|990174|050|2|99|099|099|0099|0000|000|000|GANCHO PARA SUECOS Y CROS GOLTIC|20140101|GANCHO PARA SUECOS Y CROS GOLTIC|0000|000000000000096|LHANG ROY|20140101|0|0|0|000000|001|001|001|0|215|0|  |  |0|0|
vigencia_impuestos_articulos|01|990174|050|20100101|0001|000|000
articulos|01|990140|050|2|99|099|099|0099|0000|000|000|GANCHO PINZA TRANSP|20140101|GANCHO PINZA TRANSP|0000|000000000000096|101007|20140101|0|0|0|000000|001|001|001|0|169|0|  |  |0|0|
vigencia_impuestos_articulos|01|990140|050|20100101|0001|000|000
articulos|01|990139|050|2|99|099|099|0099|0000|000|000|GANCHO PINZA TRANSPARENTE|20140101|GANCHO PINZA TRANSPARENTE|0000|000000000000096|N 25 GP|20140101|0|0|0|000000|001|001|001|0|169|0|  |  |0|0|
vigencia_impuestos_articulos|01|990139|050|20100101|0001|000|000
articulos|01|990155|050|2|99|099|099|0099|0000|000|000|GANCHO TRANSPARENTA N-17|20140101|GANCHO TRANSPARENTA N-17|0000|000000000000096|0101020|20140101|0|0|0|000000|001|001|001|0|169|0|  |  |0|0|
vigencia_impuestos_articulos|01|990155|050|20100101|0001|000|000
articulos|01|990159|050|2|99|099|099|0099|0000|000|000|GANCHO TRANSPARENTE N-15|20140101|GANCHO TRANSPARENTE N-15|0000|000000000000096|N-15|20140101|0|0|0|000000|001|001|001|0|169|0|  |  |0|0|
vigencia_impuestos_articulos|01|990159|050|20100101|0001|000|000
articulos|01|990173|050|2|99|099|099|0099|0000|000|000|GANCHOS PARA SANDALIAS GOLTIC|20140101|GANCHOS PARA SANDALIAS GOLTIC|0000|000000000000096|SHANG ROY|20140101|0|0|0|000000|001|001|001|0|215|0|  |  |0|0|
vigencia_impuestos_articulos|01|990173|050|20100101|0001|000|000
articulos|01|990011|050|2|99|099|099|0099|0000|000|000|GRANDE|20140101|GRANDE|0000|000000000000096|81962 GRA|20140101|0|0|0|000000|001|001|001|0|169|0|  |  |0|0|
vigencia_impuestos_articulos|01|990011|050|20100101|0001|000|000
articulos|01|990023|050|2|99|099|099|0099|0000|000|000|GRANDES HERPO|20140101|GRANDES HERPO|0000|000000000000096|81966 GRA|20140101|0|0|0|000000|001|001|001|0|169|0|  |  |0|0|
vigencia_impuestos_articulos|01|990023|050|20100101|0001|000|000
articulos|01|990112|050|2|99|099|099|0099|0000|000|000|GRIS COLEGIAL|20140101|GRIS COLEGIAL|0000|000000000000096|72379|20140101|0|0|0|000000|001|001|001|0|169|0|  |  |0|0|
vigencia_impuestos_articulos|01|990112|050|20100101|0001|000|000
articulos|01|990119|050|2|99|099|099|0099|0000|000|000|HAWAI|20140101|HAWAI|0000|000000000000096|HAW|20140101|0|0|0|000000|001|001|001|0|169|0|  |  |0|0|
vigencia_impuestos_articulos|01|990119|050|20100101|0001|000|000
articulos|01|990113|050|2|99|099|099|0099|0000|000|000|HERPO NARANJA GRANDE|20140101|HERPO NARANJA GRANDE|0000|000000000000096|NA|20140101|0|0|0|000000|001|001|001|0|169|0|  |  |0|0|
vigencia_impuestos_articulos|01|990113|050|20100101|0001|000|000
articulos|01|990114|050|2|99|099|099|0099|0000|000|000|HERPO VERDE GRANDE|20140101|HERPO VERDE GRANDE|0000|000000000000096|VE|20140101|0|0|0|000000|001|001|001|0|169|0|  |  |0|0|
vigencia_impuestos_articulos|01|990114|050|20100101|0001|000|000
articulos|01|990136|050|2|99|099|099|0099|0000|000|000|IDENTIFICACION DE MERCANCIA EN BOLSAS|20140101|IDENTIFICACION DE MERCANCIA EN BOLSAS|0000|000000000000096|IDENTIF. M/CIA |20140101|0|0|0|000000|001|001|001|0|169|0|  |  |0|0|
vigencia_impuestos_articulos|01|990136|050|20100101|0001|000|000
articulos|01|990183|050|2|99|099|099|0099|0000|000|000|IMPRESORA DE TARJETAS MODELO STD 2427P|20140101|IMPRESORA DE TARJETAS MODELO STD 2427P|0000|000000000000096|SMART-SL1|20140101|0|0|0|000000|001|001|001|0|215|0|  |  |0|0|
vigencia_impuestos_articulos|01|990183|050|20100101|0001|000|000
articulos|01|990061|050|2|99|099|099|0099|0000|000|000|INFANTIL|20140101|INFANTIL|0000|000000000000096|82443 INF|20140101|0|0|0|000000|001|001|001|0|169|0|  |  |0|0|
vigencia_impuestos_articulos|01|990061|050|20100101|0001|000|000
articulos|01|990072|050|2|99|099|099|0099|0000|000|000|INFANTIL BLANCO|20140101|INFANTIL BLANCO|0000|000000000000096|GIB|20140101|0|0|0|000000|001|001|001|0|169|0|  |  |0|0|
vigencia_impuestos_articulos|01|990072|050|20100101|0001|000|000
articulos|01|990063|050|2|99|099|099|0099|0000|000|000|INFANTIL CON BARRA|20140101|INFANTIL CON BARRA|0000|000000000000096|82455|20140101|0|0|0|000000|001|001|001|0|169|0|  |  |0|0|
vigencia_impuestos_articulos|01|990063|050|20100101|0001|000|000
articulos|01|990041|050|2|99|099|099|0099|0000|000|000|INFORME DE NECESIDADES|20140101|INFORME DE NECESIDADES|0000|000000000000096|82509|20140101|0|0|0|000000|001|001|001|0|169|0|  |  |0|0|
vigencia_impuestos_articulos|01|990041|050|20100101|0001|000|000
articulos|01|990115|050|2|99|099|099|0099|0000|000|000|KAKY 48x100 mt|20140101|KAKY 48x100 mt|0000|000000000000096|703|20140101|0|0|0|000000|001|001|001|0|169|0|  |  |0|0|
vigencia_impuestos_articulos|01|990115|050|20100101|0001|000|000
articulos|01|990019|050|2|99|099|099|0099|0000|000|000|KAKY 48x50|20140101|KAKY 48x50|0000|000000000000096|81963|20140101|0|0|0|000000|001|001|001|0|169|0|  |  |0|0|
vigencia_impuestos_articulos|01|990019|050|20100101|0001|000|000
articulos|01|990129|050|2|99|099|099|0099|0000|000|000|LIENZO AYURA ANCHO|20140101|LIENZO AYURA ANCHO|0000|000000000000096|0007|20140101|0|0|0|000000|001|001|001|0|169|0|  |  |0|0|
vigencia_impuestos_articulos|01|990129|050|20100101|0001|000|000
articulos|01|990181|050|2|99|099|099|0099|0000|000|000|MAGNETO PARA PIN DE SEGURIDAD 7 CMS|20140101|MAGNETO PARA PIN DE SEGURIDAD 7 CMS|0000|000000000000096|MS401|20140101|0|0|0|000000|001|001|001|0|215|0|  |  |0|0|
vigencia_impuestos_articulos|01|990181|050|20100101|0001|000|000
articulos|01|990012|050|2|99|099|099|0099|0000|000|000|MEDIANA|20140101|MEDIANA|0000|000000000000096|81962 MED|20140101|0|0|0|000000|001|001|001|0|169|0|  |  |0|0|
vigencia_impuestos_articulos|01|990012|050|20100101|0001|000|000
articulos|01|990024|050|2|99|099|099|0099|0000|000|000|MEDIANOS HERPO|20140101|MEDIANOS HERPO|0000|000000000000096|81966 MED|20140101|0|0|0|000000|001|001|001|0|169|0|  |  |0|0|
vigencia_impuestos_articulos|01|990024|050|20100101|0001|000|000
articulos|01|990007|050|2|99|099|099|0099|0000|000|000|MEDIAS HOMBRE|20140101|MEDIAS HOMBRE|0000|000000000000096|MED|20140101|0|0|0|000000|001|001|001|0|169|0|  |  |0|0|
vigencia_impuestos_articulos|01|990007|050|20100101|0001|000|000
articulos|01|990008|050|2|99|099|099|0099|0000|000|000|MEDIAS NINO|20140101|MEDIAS NINO|0000|000000000000096|MEDIAS|20140101|0|0|0|000000|001|001|001|0|169|0|  |  |0|0|
vigencia_impuestos_articulos|01|990008|050|20100101|0001|000|000
articulos|01|990062|050|2|99|099|099|0099|0000|000|000|METALICA TRABAJO PESADO|20140101|METALICA TRABAJO PESADO|0000|000000000000096|82450|20140101|0|0|0|000000|001|001|001|0|169|0|  |  |0|0|
vigencia_impuestos_articulos|01|990062|050|20100101|0001|000|000
articulos|01|990106|050|2|99|099|099|0099|0000|000|000|MONARCH 1115|20140101|MONARCH 1115|0000|000000000000096|82519|20140101|0|0|0|000000|001|001|001|0|169|0|  |  |0|0|
vigencia_impuestos_articulos|01|990106|050|20100101|0001|000|000
articulos|01|990054|050|2|99|099|099|0099|0000|000|000|MONARCH 1173|20140101|MONARCH 1173|0000|000000000000096|1173|20140101|0|0|0|000000|001|001|001|0|169|0|  |  |0|0|
vigencia_impuestos_articulos|01|990054|050|20100101|0001|000|000
articulos|01|990006|050|2|99|099|099|0099|0000|000|000|MONEDA 6x12|20140101|MONEDA 6x12|0000|000000000000096|6x12|20140101|0|0|0|000000|001|001|001|0|169|0|  |  |0|0|
vigencia_impuestos_articulos|01|990006|050|20100101|0001|000|000
articulos|01|990166|050|2|99|099|099|0099|0000|000|000|N-9 TRANSPARENTE|20140101|N-9 TRANSPARENTE|0000|000000000000096|N-9|20140101|0|0|0|000000|001|001|001|0|169|0|  |  |0|0|
vigencia_impuestos_articulos|01|990166|050|20100101|0001|000|000
articulos|01|990036|050|2|99|099|099|0099|0000|000|000|NOVEDADES EN RECEPCION DE MERCANCIA|20140101|NOVEDADES EN RECEPCION DE MERCANCIA|0000|000000000000096|82447|20140101|0|0|0|000000|001|001|001|0|169|0|  |  |0|0|
vigencia_impuestos_articulos|01|990036|050|20100101|0001|000|000
articulos|01|990064|050|2|99|099|099|0099|0000|000|000|ONIX SEPON GENERICA|20140101|ONIX SEPON GENERICA|0000|000000000000096|ERC 34/38|20140101|0|0|0|000000|001|001|001|0|169|0|  |  |0|0|
vigencia_impuestos_articulos|01|990064|050|20100101|0001|000|000
articulos|01|990068|050|2|99|099|099|0099|0000|000|000|PANTALONCILLO HOMBRE P/4|20140101|PANTALONCILLO HOMBRE P/4|0000|000000000000096|82499|20140101|0|0|0|000000|001|001|001|0|169|0|  |  |0|0|
vigencia_impuestos_articulos|01|990068|050|20100101|0001|000|000
articulos|01|990020|050|2|99|099|099|0099|0000|000|000|PANTALONCILLO NINO P/4|20140101|PANTALONCILLO NINO P/4|0000|000000000000096|82521|20140101|0|0|0|000000|001|001|001|0|169|0|  |  |0|0|
vigencia_impuestos_articulos|01|990020|050|20100101|0001|000|000
articulos|01|990110|050|2|99|099|099|0099|0000|000|000|PARA BAYETILLA|20140101|PARA BAYETILLA|0000|000000000000096|72380|20140101|0|0|0|000000|001|001|001|0|169|0|  |  |0|0|
vigencia_impuestos_articulos|01|990110|050|20100101|0001|000|000
articulos|01|990051|050|2|99|099|099|0099|0000|000|000|PARA ETIQUETAS TRABAJO PESADO|20140101|PARA ETIQUETAS TRABAJO PESADO|0000|000000000000096|82316|20140101|0|0|0|000000|001|001|001|0|169|0|  |  |0|0|
vigencia_impuestos_articulos|01|990051|050|20100101|0001|000|000
articulos|01|990050|050|2|99|099|099|0099|0000|000|000|PARA MEDIA TRABAJO PESADO|20140101|PARA MEDIA TRABAJO PESADO|0000|000000000000096|82229|20140101|0|0|0|000000|001|001|001|0|169|0|  |  |0|0|
vigencia_impuestos_articulos|01|990050|050|20100101|0001|000|000
articulos|01|990025|050|2|99|099|099|0099|0000|000|000|PEQUENOS HERPO|20140101|PEQUENOS HERPO|0000|000000000000096|81966 PEQ|20140101|0|0|0|000000|001|001|001|0|169|0|  |  |0|0|
vigencia_impuestos_articulos|01|990025|050|20100101|0001|000|000
articulos|01|990093|050|2|99|099|099|0099|0000|000|000|PERILLA SELECTORA 1115|20140101|PERILLA SELECTORA 1115|0000|000000000000096|82487|20140101|0|0|0|000000|001|001|001|0|169|0|  |  |0|0|
vigencia_impuestos_articulos|01|990093|050|20100101|0001|000|000
articulos|01|990180|050|2|99|099|099|0099|0000|000|000|PIN DE SEGURIDAD GRIS 4X4,5 CMS|20140101|PIN DE SEGURIDAD GRIS 4X4,5 CMS|0000|000000000000096|MS101-GRIS|20140101|0|0|0|000000|001|001|001|0|215|0|  |  |0|0|
vigencia_impuestos_articulos|01|990180|050|20100101|0001|000|000
articulos|01|990178|050|2|99|099|099|0099|0000|000|000|PIN SEGURIDAD 5X1,3 CMS|20140101|PIN SEGURIDAD 5X1,3 CMS|0000|000000000000096|MS106|20140101|0|0|0|000000|001|001|001|0|215|0|  |  |0|0|
vigencia_impuestos_articulos|01|990178|050|20100101|0001|000|000
articulos|01|990179|050|2|99|099|099|0099|0000|000|000|PIN SEGURIDAD NEGRO 4X4,5 CMS|20140101|PIN SEGURIDAD NEGRO 4X4,5 CMS|0000|000000000000096|MS101-NEGRO|20140101|0|0|0|000000|001|001|001|0|215|0|  |  |0|0|
vigencia_impuestos_articulos|01|990179|050|20100101|0001|000|000
articulos|01|990083|050|2|99|099|099|0099|0000|000|000|PINONES DEL RODILLO SELECTOR 1173|20140101|PINONES DEL RODILLO SELECTOR 1173|0000|000000000000096|90365|20140101|0|0|0|000000|001|001|001|0|169|0|  |  |0|0|
vigencia_impuestos_articulos|01|990083|050|20100101|0001|000|000
articulos|01|990146|050|2|99|099|099|0099|0000|000|000|PINZA GRANDE #30|20140101|PINZA GRANDE #30|0000|000000000000096|101008|20140101|0|0|0|000000|001|001|001|0|169|0|  |  |0|0|
vigencia_impuestos_articulos|01|990146|050|20100101|0001|000|000
articulos|01|990058|050|2|99|099|099|0099|0000|000|000|PINZA MEDIANO|20140101|PINZA MEDIANO|0000|000000000000096|82442 MED|20140101|0|0|0|000000|001|001|001|0|169|0|  |  |0|0|
vigencia_impuestos_articulos|01|990058|050|20100101|0001|000|000
articulos|01|990059|050|2|99|099|099|0099|0000|000|000|PINZA PEQUENO|20140101|PINZA PEQUENO|0000|000000000000096|82442|20140101|0|0|0|000000|001|001|001|0|169|0|  |  |0|0|
vigencia_impuestos_articulos|01|990059|050|20100101|0001|000|000
articulos|01|990085|050|2|99|099|099|0099|0000|000|000|PLACA IMPRESORA 1173|20140101|PLACA IMPRESORA 1173|0000|000000000000096|95858|20140101|0|0|0|000000|001|001|001|0|169|0|  |  |0|0|
vigencia_impuestos_articulos|01|990085|050|20100101|0001|000|000
articulos|01|990031|050|2|99|099|099|0099|0000|000|000|PLANILLA CONTROL EMBARQUE|20140101|PLANILLA CONTROL EMBARQUE|0000|000000000000096|82072|20140101|0|0|0|000000|001|001|001|0|169|0|  |  |0|0|
vigencia_impuestos_articulos|01|990031|050|20100101|0001|000|000
articulos|01|990070|050|2|99|099|099|0099|0000|000|000|PLANO SIN TAPA BLANCO|20140101|PLANO SIN TAPA BLANCO|0000|000000000000096|82524|20140101|0|0|0|000000|001|001|001|0|169|0|  |  |0|0|
vigencia_impuestos_articulos|01|990070|050|20100101|0001|000|000
articulos|01|990080|050|2|99|099|099|0099|0000|000|000|PORTA ROLLOS DE ETIQUETAS 1173|20140101|PORTA ROLLOS DE ETIQUETAS 1173|0000|000000000000096|90571|20140101|0|0|0|000000|001|001|001|0|169|0|  |  |0|0|
vigencia_impuestos_articulos|01|990080|050|20100101|0001|000|000
articulos|01|990030|050|2|99|099|099|0099|0000|000|000|PROVISIONAL|20140101|PROVISIONAL|0000|000000000000096|82050|20140101|0|0|0|000000|001|001|001|0|169|0|  |  |0|0|
vigencia_impuestos_articulos|01|990030|050|20100101|0001|000|000
articulos|01|990029|050|2|99|099|099|0099|0000|000|000|RECIBO DE CAJA MENOR|20140101|RECIBO DE CAJA MENOR|0000|000000000000096|82049|20140101|0|0|0|000000|001|001|001|0|169|0|  |  |0|0|
vigencia_impuestos_articulos|01|990029|050|20100101|0001|000|000
articulos|01|990170|050|2|99|099|099|0099|0000|000|000|RELACION DE GASTOS TALONARIO X 100|20140101|RELACION DE GASTOS TALONARIO X 100|0000|000000000000096|RAGA01|20140101|0|0|0|000000|001|001|001|0|169|0|  |  |0|0|
vigencia_impuestos_articulos|01|990170|050|20100101|0001|000|000
articulos|01|990100|050|2|99|099|099|0099|0000|000|000|RESORTE COMPRESION 1173|20140101|RESORTE COMPRESION 1173|0000|000000000000096|99313|20140101|0|0|0|000000|001|001|001|0|169|0|  |  |0|0|
vigencia_impuestos_articulos|01|990100|050|20100101|0001|000|000
articulos|01|990081|050|2|99|099|099|0099|0000|000|000|RESORTE PARA GATILLO 1173|20140101|RESORTE PARA GATILLO 1173|0000|000000000000096|92701|20140101|0|0|0|000000|001|001|001|0|169|0|  |  |0|0|
vigencia_impuestos_articulos|01|990081|050|20100101|0001|000|000
articulos|01|990079|050|2|99|099|099|0099|0000|000|000|RESORTE PRESION DE CABEZA 1173|20140101|RESORTE PRESION DE CABEZA 1173|0000|000000000000096|98268|20140101|0|0|0|000000|001|001|001|0|169|0|  |  |0|0|
vigencia_impuestos_articulos|01|990079|050|20100101|0001|000|000
articulos|01|990022|050|2|99|099|099|0099|0000|000|000|RESUMEN POR CAJA|20140101|RESUMEN POR CAJA|0000|000000000000096|81965|20140101|0|0|0|000000|001|001|001|0|169|0|  |  |0|0|
vigencia_impuestos_articulos|01|990022|050|20100101|0001|000|000
articulos|01|990108|050|2|99|099|099|0099|0000|000|000|RODILLO APLICADOR 1173|20140101|RODILLO APLICADOR 1173|0000|000000000000096|35450526|20140101|0|0|0|000000|001|001|001|0|169|0|  |  |0|0|
vigencia_impuestos_articulos|01|990108|050|20100101|0001|000|000
articulos|01|990048|050|2|99|099|099|0099|0000|000|000|RODILLO ENTINTADORA 1115|20140101|RODILLO ENTINTADORA 1115|0000|000000000000096|82046|20140101|0|0|0|000000|001|001|001|0|169|0|  |  |0|0|
vigencia_impuestos_articulos|01|990048|050|20100101|0001|000|000
articulos|01|990097|050|2|99|099|099|0099|0000|000|000|RODILLO GUIA SUPERIOR 1173|20140101|RODILLO GUIA SUPERIOR 1173|0000|000000000000096|90329|20140101|0|0|0|000000|001|001|001|0|169|0|  |  |0|0|
vigencia_impuestos_articulos|01|990097|050|20100101|0001|000|000
articulos|01|990096|050|2|99|099|099|0099|0000|000|000|RODILLO PELADOR 1173|20140101|RODILLO PELADOR 1173|0000|000000000000096|90227|20140101|0|0|0|000000|001|001|001|0|169|0|  |  |0|0|
vigencia_impuestos_articulos|01|990096|050|20100101|0001|000|000
articulos|01|990082|050|2|99|099|099|0099|0000|000|000|RODILLO SELECTOR BANDAS 1173|20140101|RODILLO SELECTOR BANDAS 1173|0000|000000000000096|91106|20140101|0|0|0|000000|001|001|001|0|169|0|  |  |0|0|
vigencia_impuestos_articulos|01|990082|050|20100101|0001|000|000
articulos|01|990088|050|2|99|099|099|0099|0000|000|000|RODILLO SELECTOR DE BANDAS 1115|20140101|RODILLO SELECTOR DE BANDAS 1115|0000|000000000000096|82475|20140101|0|0|0|000000|001|001|001|0|169|0|  |  |0|0|
vigencia_impuestos_articulos|01|990088|050|20100101|0001|000|000
articulos|01|990049|050|2|99|099|099|0099|0000|000|000|RODILLO TIQUETEADORA 1173 ENTINTADOR|20140101|RODILLO TIQUETEADORA 1173 ENTINTADOR|0000|000000000000096|82046 1173|20140101|0|0|0|000000|001|001|001|0|169|0|  |  |0|0|
vigencia_impuestos_articulos|01|990049|050|20100101|0001|000|000
articulos|01|990161|050|2|99|099|099|0099|0000|000|000|ROLLO POS DOBLE 76X40|20140101|ROLLO POS DOBLE 76X40|0000|000000000000096|76X40|20140101|0|0|0|000000|001|001|001|0|169|0|  |  |0|0|
vigencia_impuestos_articulos|01|990161|050|20100101|0001|000|000
articulos|01|990165|050|2|99|099|099|0099|0000|000|000|ROLLO POS TERMICO 80MM X 60M|20140101|ROLLO POS TERMICO 80MM X 60M|0000|000000000000096|80X60-TERMICO|20140101|0|0|0|000000|001|001|001|0|169|0|  |  |0|0|
vigencia_impuestos_articulos|01|990165|050|20100101|0001|000|000
articulos|01|990153|050|2|99|099|099|0099|0000|000|000|ROLLO REGISTRADORA QUI-2P 76X30 BLANDO|20140101|ROLLO REGISTRADORA QUI-2P 76X30 BLANDO|0000|000000000000096|570790|20140101|0|0|0|000000|001|001|001|0|169|0|  |  |0|0|
vigencia_impuestos_articulos|01|990153|050|20100101|0001|000|000
articulos|01|990152|050|2|99|099|099|0099|0000|000|000|ROLLO REGISTRADORA TERMICO 80X60|20140101|ROLLO REGISTRADORA TERMICO 80X60|0000|000000000000096|575638|20140101|0|0|0|000000|001|001|001|0|169|0|  |  |0|0|
vigencia_impuestos_articulos|01|990152|050|20100101|0001|000|000
articulos|01|990150|050|2|99|099|099|0099|0000|000|000|ROLLO TRANSFER ETIQUETA ADHESIVA X 3000|20140101|ROLLO TRANSFER ETIQUETA ADHESIVA X 3000 |0000|000000000000096|6130|20140101|0|0|0|000000|001|001|001|0|169|0|  |  |0|0|
vigencia_impuestos_articulos|01|990150|050|20100101|0001|000|000
articulos|01|990130|050|2|99|099|099|0099|0000|000|000|ROTULO REMITE DE MERCANCIA|20140101|ROTULO REMITE DE MERCANCIA|0000|000000000000096|M|20140101|0|0|0|000000|001|001|001|0|169|0|  |  |0|0|
vigencia_impuestos_articulos|01|990130|050|20100101|0001|000|000
articulos|01|990104|050|2|99|099|099|0099|0000|000|000|SEGURO CABEZA IMPRESORA 1173|20140101|SEGURO CABEZA IMPRESORA 1173|0000|000000000000096|98267|20140101|0|0|0|000000|001|001|001|0|169|0|  |  |0|0|
vigencia_impuestos_articulos|01|990104|050|20100101|0001|000|000
articulos|01|990092|050|2|99|099|099|0099|0000|000|000|SEGURO PERILLA SELECTORA|20140101|SEGURO PERILLA SELECTORA|0000|000000000000096|82486|20140101|0|0|0|000000|001|001|001|0|169|0|  |  |0|0|
vigencia_impuestos_articulos|01|990092|050|20100101|0001|000|000
articulos|01|990091|050|2|99|099|099|0099|0000|000|000|SEGURO PORTARROLLO 1173|20140101|SEGURO PORTARROLLO 1173|0000|000000000000096|90326|20140101|0|0|0|000000|001|001|001|0|169|0|  |  |0|0|
vigencia_impuestos_articulos|01|990091|050|20100101|0001|000|000
articulos|01|990089|050|2|99|099|099|0099|0000|000|000|SOPORTE PARA RODILLO ENTINTADOR 1173|20140101|SOPORTE PARA RODILLO ENTINTADOR 1173|0000|000000000000096|35450510|20140101|0|0|0|000000|001|001|001|0|169|0|  |  |0|0|
vigencia_impuestos_articulos|01|990089|050|20100101|0001|000|000
articulos|01|990066|050|2|99|099|099|0099|0000|000|000|STAR ONIX|20140101|STAR ONIX|0000|000000000000096|SP-200|20140101|0|0|0|000000|001|001|001|0|169|0|  |  |0|0|
vigencia_impuestos_articulos|01|990066|050|20100101|0001|000|000
articulos|01|990125|050|2|99|099|099|0099|0000|000|000|STICKER HERPO|20140101|STICKER HERPO|0000|000000000000096|0|20140101|0|0|0|000000|001|001|001|0|169|0|  |  |0|0|
vigencia_impuestos_articulos|01|990125|050|20100101|0001|000|000
articulos|01|990038|050|2|99|099|099|0099|0000|000|000|TACO|20140101|TACO|0000|000000000000096|82459|20140101|0|0|0|000000|001|001|001|0|169|0|  |  |0|0|
vigencia_impuestos_articulos|01|990038|050|20100101|0001|000|000
articulos|01|990156|050|2|99|099|099|0099|0000|000|000|TALLAS|20140101|TALLAS|0000|000000000000096|0201001|20140101|0|0|0|000000|001|001|001|0|169|0|  |  |0|0|
vigencia_impuestos_articulos|01|990156|050|20100101|0001|000|000
articulos|01|990103|050|2|99|099|099|0099|0000|000|000|TAPA CABEZA IMPRESORA 1173|20140101|TAPA CABEZA IMPRESORA 1173|0000|000000000000096|95855|20140101|0|0|0|000000|001|001|001|0|169|0|  |  |0|0|
vigencia_impuestos_articulos|01|990103|050|20100101|0001|000|000
articulos|01|990094|050|2|99|099|099|0099|0000|000|000|TAPA INTERIOR DERECHA 1115|20140101|TAPA INTERIOR DERECHA 1115|0000|000000000000096|82488|20140101|0|0|0|000000|001|001|001|0|169|0|  |  |0|0|
vigencia_impuestos_articulos|01|990094|050|20100101|0001|000|000
articulos|01|990095|050|2|99|099|099|0099|0000|000|000|TAPA INTERIOR IZQUIERDA 1115|20140101|TAPA INTERIOR IZQUIERDA 1115|0000|000000000000096|82489|20140101|0|0|0|000000|001|001|001|0|169|0|  |  |0|0|
vigencia_impuestos_articulos|01|990095|050|20100101|0001|000|000
articulos|01|990182|050|2|99|099|099|0099|0000|000|000|TARJETAS PLASTICAS 8,5X5,4 CMS|20140101|TARJETAS PLASTICAS 8,5X5,4 CMS|0000|000000000000096|56MM|20140101|0|0|0|000000|001|001|001|0|215|0|  |  |0|0|
vigencia_impuestos_articulos|01|990182|050|20100101|0001|000|000
articulos|01|990076|050|2|99|099|099|0099|0000|000|000|TENSOR RODILLO ENTINTADOR DERECHO 1173|20140101|TENSOR RODILLO ENTINTADOR DERECHO 1173|0000|000000000000096|90542|20140101|0|0|0|000000|001|001|001|0|169|0|  |  |0|0|
vigencia_impuestos_articulos|01|990076|050|20100101|0001|000|000
articulos|01|990077|050|2|99|099|099|0099|0000|000|000|TENSOR RODILLO ENTINTADOR IZQUIERDO 1173|20140101|TENSOR RODILLO ENTINTADOR IZQUIERDO 1173|0000|000000000000096|90543|20140101|0|0|0|000000|001|001|001|0|169|0|  |  |0|0|
vigencia_impuestos_articulos|01|990077|050|20100101|0001|000|000
articulos|01|990086|050|2|99|099|099|0099|0000|000|000|TORNILLO 1173|20140101|TORNILLO 1173|0000|000000000000096|90555|20140101|0|0|0|000000|001|001|001|0|169|0|  |  |0|0|
vigencia_impuestos_articulos|01|990086|050|20100101|0001|000|000
articulos|01|990055|050|2|99|099|099|0099|0000|000|000|TRABAJO PESADO|20140101|TRABAJO PESADO|0000|000000000000096|82339|20140101|0|0|0|000000|001|001|001|0|169|0|  |  |0|0|
vigencia_impuestos_articulos|01|990055|050|20100101|0001|000|000
articulos|01|990069|050|2|99|099|099|0099|0000|000|000|TRANSPARENTE No 14|20140101|TRANSPARENTE No 14|0000|000000000000096|82522|20140101|0|0|0|000000|001|001|001|0|169|0|  |  |0|0|
vigencia_impuestos_articulos|01|990069|050|20100101|0001|000|000
articulos|01|990074|050|2|99|099|099|0099|0000|000|000|TRINQUETE DE ENGRANE 1173|20140101|TRINQUETE DE ENGRANE 1173|0000|000000000000096|82334|20140101|0|0|0|000000|001|001|001|0|169|0|  |  |0|0|
vigencia_impuestos_articulos|01|990074|050|20100101|0001|000|000
articulos|01|990075|050|2|99|099|099|0099|0000|000|000|TRINQUETE DE TAPA INTERIOR 1173|20140101|TRINQUETE DE TAPA INTERIOR 1173|0000|000000000000096|82335|20140101|0|0|0|000000|001|001|001|0|169|0|  |  |0|0|
vigencia_impuestos_articulos|01|990075|050|20100101|0001|000|000
articulos|01|990009|050|2|99|099|099|0099|0000|000|000|TUBULAR 12x14|20140101|TUBULAR 12x14|0000|000000000000096|TUB|20140101|0|0|0|000000|001|001|001|0|169|0|  |  |0|0|
vigencia_impuestos_articulos|01|990009|050|20100101|0001|000|000
articulos|01|990109|050|2|99|099|099|0099|0000|000|000|VERDE CANA COLEGIAL|20140101|VERDE CANA COLEGIAL|0000|000000000000096|65394|20140101|0|0|0|000000|001|001|001|0|169|0|  |  |0|0|
vigencia_impuestos_articulos|01|990109|050|20100101|0001|000|000
